<?xml version="1.0" encoding="UTF-8" standalone="no" ?>
<SimscapeMultibodyImportXML version="2.0" xmlns="urn:mathworks:SimscapeMultibody:import" xmlns:xsi="http://www.w3.org/2001/XMLSchema-instance">
<Created by="" on="12/01/20||19:39:11" using="Simscape Multibody Link Version 7.2" from="SolidWorks 28.0.0"/>
<ModelUnits mass="kilogram" length="millimeter"/>
<DataUnits mass="kilogram" length="meter"/>
<RootAssembly name="robotic arm s1" uid="robotic arm s1" version="482">
<AssemblyFile name="robotic arm s1.SLDASM" type="SolidWorks Assembly"/>
<InstanceTree>
<Instance name="SERVO-1" uid="SERVO-1" entityUid="SERVO">
<Transform>
<Rotation>-2.9295347362252967e-16 0 1 1 0 2.9295347362252967e-16 0 1 0</Rotation>
<Translation>-0.052063651953825375 0.019453297353696674 0.019552168190960513</Translation>
</Transform>
<Instance name="Estrella-1" uid="Estrella-1" entityUid="Estrella*:*Predeterminado">
<Transform>
<Rotation>0.59565245578666115 5.7578537287218623e-16 0.8032422747311796 7.9660175949635545e-16 -1 1.2609841604527675e-16 0.8032422747311796 5.6475337816453528e-16 -0.59565245578666115</Rotation>
<Translation>0.0081497556099998474 0.024197831809028104 0.054699999999999874</Translation>
</Transform>
</Instance>
<Instance name="Cuerpo-1" uid="Cuerpo-1" grounded="true" entityUid="Cuerpo*:*Predeterminado">
<Transform>
<Rotation>1 0 0 0 1 0 0 0 1</Rotation>
<Translation>-0.0019502443900001228 -0.0050521681909718869 0.054699999999999992</Translation>
</Transform>
</Instance>
</Instance>
<Instance name="Angulo-2" uid="Angulo-2" entityUid="Angulo*:*Predeterminado">
<Transform>
<Rotation>1 0 0 0 1 0 0 0 1</Rotation>
<Translation>0.02263634804617462 -0.01249694703630341 0.024999999999988639</Translation>
</Transform>
</Instance>
<Instance name="SERVO-2" uid="SERVO-2" entityUid="SERVO">
<Transform>
<Rotation>-2.8151109617030997e-16 0 1 1 2.4781763942525816e-16 2.8151109617030997e-16 -2.4781763942525816e-16 1 0</Rotation>
<Translation>-0.052063651953825375 0.019453297353696719 -0.045447831809039468</Translation>
</Transform>
<Instance name="Cuerpo-1" uid="Cuerpo-1" grounded="true" entityUid="Cuerpo*:*Predeterminado">
<Transform>
<Rotation>1 0 0 0 1 0 0 0 1</Rotation>
<Translation>-0.0019502443900001228 -0.0050521681909718869 0.054699999999999992</Translation>
</Transform>
</Instance>
<Instance name="Estrella-1" uid="Estrella-1" entityUid="Estrella*:*Predeterminado">
<Transform>
<Rotation>0.59565245578666293 0 0.80324227473117826 -1.0504277473758894e-16 -1 0 0.80324227473117826 0 -0.59565245578666293</Rotation>
<Translation>0.0081497556099998647 0.024197831809028146 0.054699999999999999</Translation>
</Transform>
</Instance>
</Instance>
<Instance name="Apoyo-2" uid="Apoyo-2" entityUid="Apoyo*:*Default">
<Transform>
<Rotation>1.1102230246251565e-16 1 0 -1 1.1102230246251565e-16 0 0 0 1</Rotation>
<Translation>0.0026363480461746194 0.017503052963696628 -0.042000000000011362</Translation>
</Transform>
</Instance>
<Instance name="Biceps-1" uid="Biceps-1" entityUid="Biceps*:*Default">
<Transform>
<Rotation>-0.80324227473117604 0.59565245578666581 -5.6341862443469956e-16 -0.59565245578666581 -0.80324227473117604 -5.7465756828139256e-16 -7.9485784930004328e-16 -1.2598756505735802e-16 0.99999999999999989</Rotation>
<Translation>0.032757933348593747 0.049940020055696518 0.043749999999988638</Translation>
</Transform>
</Instance>
<Instance name="Biceps-2" uid="Biceps-2" entityUid="Biceps*:*Default">
<Transform>
<Rotation>-0.80324227473117649 0.59565245578666526 2.4789510885434819e-16 -0.59565245578666526 -0.80324227473117649 5.0309400959584223e-16 4.9878901343822289e-16 2.5644704630479743e-16 0.99999999999999989</Rotation>
<Translation>0.032757933348593823 0.049940020055696629 -0.021250000000011381</Translation>
</Transform>
</Instance>
<Instance name="SERVO-4" uid="SERVO-4" entityUid="SERVO">
<Transform>
<Rotation>-0.0068383878120083195 1.3226153522504942e-16 0.9999766179527062 0.9999766179527062 6.4619161939630354e-16 0.0068383878120083195 -6.4527205444281754e-16 1 -1.3667735157387924e-16</Rotation>
<Translation>0.0082365288384336904 0.0637533622823514 0.019552168190960541</Translation>
</Transform>
<Instance name="Estrella-1" uid="Estrella-1" entityUid="Estrella*:*Predeterminado">
<Transform>
<Rotation>0.59014564603115027 8.7849748069240061e-16 0.80729679577617319 6.7598402931684405e-16 -1 5.940423045323647e-16 0.80729679577617319 1.9514826128526913e-16 -0.59014564603115027</Rotation>
<Translation>0.0081497556100004614 0.02419783180902791 0.05470000000000047</Translation>
</Transform>
</Instance>
<Instance name="Cuerpo-1" uid="Cuerpo-1" grounded="true" entityUid="Cuerpo*:*Predeterminado">
<Transform>
<Rotation>1 0 0 0 1 0 0 0 1</Rotation>
<Translation>-0.0019502443900001262 -0.0050521681909718869 0.054699999999999999</Translation>
</Transform>
</Instance>
</Instance>
<Instance name="Antebrazo-1" uid="Antebrazo-1" entityUid="Antebrazo*:*Default">
<Transform>
<Rotation>0.0068383878120084896 0.9999766179527062 0 -0.9999766179527062 0.0068383878120084896 6.4886115452546373e-16 6.4818510137858628e-16 -1.0107777747838075e-16 1</Rotation>
<Translation>0.062948586367913728 0.062177223306374693 0.020999999999988649</Translation>
</Transform>
</Instance>
<Instance name="Antebrazo2-2" uid="Antebrazo2-2" entityUid="Antebrazo2*:*Default">
<Transform>
<Rotation>-0.0068383878120089874 -0.9999766179527062 1.0955188495572626e-16 0.9999766179527062 -0.0068383878120089874 6.6913796449412996e-16 -6.6837316040373425e-16 1.1412514830932026e-16 1</Rotation>
<Translation>0.062538966937974366 0.12207582272174178 -0.014000000000011399</Translation>
</Transform>
</Instance>
<Instance name="SERVO-5" uid="SERVO-5" entityUid="SERVO">
<Transform>
<Rotation>-0.0068383878120094324 -2.2057168842305252e-16 -0.9999766179527062 0.9999766179527062 -6.6989717871703519e-16 -0.0068383878120094324 -6.6837316040373396e-16 -1 2.2514754770764024e-16</Rotation>
<Translation>0.11722435141252038 0.12440008132435224 -0.0085521681909833027</Translation>
</Transform>
<Instance name="Estrella-1" uid="Estrella-1" entityUid="Estrella*:*Predeterminado">
<Transform>
<Rotation>0.30986540983161709 -1.8185237455981695e-16 0.95078043090394104 -4.3217284233543939e-16 -1 0 0.95078043090394104 -3.9527852020082131e-16 -0.30986540983161709</Rotation>
<Translation>0.0081497458789740046 0.024197831809011049 0.05470000101347898</Translation>
</Transform>
</Instance>
<Instance name="Cuerpo-1" uid="Cuerpo-1" grounded="true" entityUid="Cuerpo*:*Predeterminado">
<Transform>
<Rotation>1 0 0 0 1 0 0 0 1</Rotation>
<Translation>-0.0019502443900001054 -0.0050521681909718869 0.054699999999999999</Translation>
</Transform>
</Instance>
</Instance>
<Instance name="Angulo-3" uid="Angulo-3" entityUid="Angulo*:*Predeterminado">
<Transform>
<Rotation>1 0 0 0 1 0 0 0 1</Rotation>
<Translation>-0.01736365195382537 -0.012496947036303418 -0.04000000000001136</Translation>
</Transform>
</Instance>
<Instance name="Apoyo-1" uid="Apoyo-1" entityUid="Apoyo*:*Default">
<Transform>
<Rotation>1.2246467991473532e-16 1 0 -1 1.2246467991473532e-16 0 0 0 1</Rotation>
<Translation>0.0026363480461746198 0.017503052963696628 0.022999999999988637</Translation>
</Transform>
</Instance>
<Instance name="Angulo-1" uid="Angulo-1" grounded="true" entityUid="Angulo*:*Predeterminado">
<Transform>
<Rotation>1 0 0 0 1 0 0 0 1</Rotation>
<Translation>-0.017363651953825374 -0.012496947036303423 0.024999999999988639</Translation>
</Transform>
</Instance>
<Instance name="Angulo-4" uid="Angulo-4" entityUid="Angulo*:*Predeterminado">
<Transform>
<Rotation>1 0 0 0 1 0 0 0 1</Rotation>
<Translation>0.022636348046174624 -0.012496947036303411 -0.04000000000001136</Translation>
</Transform>
</Instance>
<Instance name="Angulo Gripper-2" uid="Angulo Gripper-2" entityUid="Angulo Gripper*:*Predeterminado">
<Transform>
<Rotation>0.30335635923336435 4.0037000286401379e-16 -0.95287717955289408 0.95287717955289408 8.7093967918042318e-16 0.30335635923336435 9.5135333147322294e-16 -1 -1.1729834891859797e-16</Rotation>
<Translation>0.0091087771661116888 0.14916354268013282 0.02794999999998855</Translation>
</Transform>
</Instance>
<Instance name="SERVO-6" uid="SERVO-6" entityUid="SERVO">
<Transform>
<Rotation>-1.1126854451262662e-16 -0.9528771795528943 0.30335635923336374 -7.2528988284030663e-16 0.30335635923336374 0.9528771795528943 -1 -1.1399604137908102e-16 -7.2486619847966612e-16</Rotation>
<Translation>-0.004199455434193828 0.095995239253753445 -0.0043502443900115036</Translation>
</Transform>
<Instance name="Cuerpo-1" uid="Cuerpo-1" grounded="true" entityUid="Cuerpo*:*Predeterminado">
<Transform>
<Rotation>1 0 0 0 1 0 0 0 1</Rotation>
<Translation>-0.0019502443900001262 -0.0050521681909718834 0.054700000000000013</Translation>
</Transform>
</Instance>
<Instance name="Estrella-1" uid="Estrella-1" entityUid="Estrella*:*Predeterminado">
<Transform>
<Rotation>0.99998738026928324 0 0.005023873224506808 0 -1.0000000000000002 2.781284578162732e-16 0.0050238732245068089 -2.2204460492503141e-16 -0.99998738026928347</Rotation>
<Translation>0.0081497665538718331 0.024197838510619685 0.054700001777357996</Translation>
</Transform>
</Instance>
</Instance>
<Instance name="Gripper-1" uid="Gripper-1" entityUid="Gripper" rigid="true">
<Transform>
<Rotation>-0.0015240238906387004 -0.30335253095780057 0.95287717955289375 -0.0047871341486079621 -0.95286515449948161 -0.30335635923336529 0.99998738026928313 -0.005023873224515721 -3.9401933678131962e-16</Rotation>
<Translation>-0.083731539270383487 0.1814179551141285 -0.0095370133504253749</Translation>
</Transform>
<Instance name="grip51-1" uid="grip51-1" entityUid="grip51*:*Default">
<Transform>
<Rotation>-0.99999999999999989 0 0 0 1 0 0 0 -0.99999999999999989</Rotation>
<Translation>-0.0029496807592809537 0.007585646390568912 0.054999999999994095</Translation>
</Transform>
</Instance>
<Instance name="grip51-2" uid="grip51-2" entityUid="grip51*:*Default">
<Transform>
<Rotation>1 0 -6.1105361615434211e-16 0 -1.0000000000000002 0 -6.1042111799149896e-16 0 -1.0000000000000002</Rotation>
<Translation>-0.0029496807592809485 -0.0024143536094310691 0.054999999999994095</Translation>
</Transform>
</Instance>
<Instance name="grip41-3" uid="grip41-3" entityUid="grip41*:*Default">
<Transform>
<Rotation>-9.1419927183977734e-16 -0.92702481088695798 -0.37499999999999928 1 -7.7628875549962117e-16 -4.8355416892853498e-16 1.1300180565851314e-16 -0.37499999999999928 0.92702481088695809</Rotation>
<Translation>-0.032669856435391324 0.0025856463905689075 0.0064002424578876449</Translation>
</Transform>
</Instance>
<Instance name="grip11-3" uid="grip11-3" entityUid="grip11*:*Default">
<Transform>
<Rotation>0.61004859150267754 -6.9822619908066486e-16 0.7923640047387307 1.6557935578198624e-15 1.0000000000000002 -3.9811903773667723e-16 -0.7923640047387307 1.5562917376712165e-15 0.61004859150267754</Rotation>
<Translation>0.0023003192407199079 0.0065856463905689111 0.0040057382536825004</Translation>
</Transform>
</Instance>
<Instance name="grip11-4" uid="grip11-4" entityUid="grip11*:*Default">
<Transform>
<Rotation>0.61004859150267821 0 0.79236400473872992 0 1.0000000000000002 0 -0.79236400473873014 0 0.61004859150267854</Rotation>
<Translation>0.0023003192407199113 -0.0044143536094310709 0.0040057382536825004</Translation>
</Transform>
</Instance>
<Instance name="Gear 11-1" uid="Gear 11-1" entityUid="Gear 11*:*Default">
<Transform>
<Rotation>0.61004859150284818 -4.0766001685454967e-16 0.79236400473859914 -3.1225022567582528e-16 1.0000000000000002 7.9016654330743563e-16 -0.79236400473859936 -7.7517661404161232e-16 0.6100485915028484</Rotation>
<Translation>0.016715679280929097 -0.0044143536094310432 0.016392382033982258</Translation>
</Transform>
</Instance>
<Instance name="grip41-1" uid="grip41-1" entityUid="grip41*:*Default">
<Transform>
<Rotation>0 0.9270248108871294 0.37499999999957589 -1 0 1.717376241217039e-16 1.6455395049777632e-16 -0.37499999999957601 0.92702481088712962</Rotation>
<Translation>0.026701701522869613 0.002585646390568852 0.006347124000746468</Translation>
</Transform>
</Instance>
<Instance name="grip11-1" uid="grip11-1" entityUid="grip11*:*Default">
<Transform>
<Rotation>0.61226773324339201 0 -0.79065050612075016 0 1 0 0.79065050612075016 0 0.61226773324339201</Rotation>
<Translation>-0.035429980489826256 0.0065856463905689389 -0.00010988159654745644</Translation>
</Transform>
</Instance>
<Instance name="Gear 21-1" uid="Gear 21-1" entityUid="Gear 21*:*Default">
<Transform>
<Rotation>0.26309277767716649 0 -0.9647705376586253 0 1 0 0.9647705376586253 0 0.26309277767716649</Rotation>
<Translation>-0.013790775024636569 -0.0044143536094310987 0.034150585632617955</Translation>
</Transform>
</Instance>
<Instance name="grip11-2" uid="grip11-2" entityUid="grip11*:*Default">
<Transform>
<Rotation>0.6100485915028474 2.4800864297159955e-16 0.7923640047385998 1.9125326322644296e-16 1 -4.60246079632962e-16 -0.7923640047385998 4.3231467419422588e-16 0.6100485915028474</Rotation>
<Translation>0.010550319240719043 0.0065856463905689111 0.024400284093196084</Translation>
</Transform>
</Instance>
<Instance name="grip41-2" uid="grip41-2" entityUid="grip41*:*Default">
<Transform>
<Rotation>0 -0.92702481088695821 -0.37499999999999906 1 0 0 0 -0.37499999999999906 0.92702481088695821</Rotation>
<Translation>-0.032669856435391331 -0.00041435360943109512 0.0064002424578876449</Translation>
</Transform>
</Instance>
<Instance name="grip41-4" uid="grip41-4" entityUid="grip41*:*Default">
<Transform>
<Rotation>0 0.9270248108871294 0.37499999999957595 -1 0 1.715207836872068e-16 1.6455395049777632e-16 -0.37499999999957601 0.92702481088712962</Rotation>
<Translation>0.026701701522869613 0.0055856463905688825 0.006347124000746468</Translation>
</Transform>
</Instance>
<Instance name="grip2-1" uid="grip2-1" entityUid="grip2*:*Predeterminado">
<Transform>
<Rotation>0.99999999999999989 1.27675647831893e-15 -1.6089833065533707e-16 1.2793585635328952e-15 -1.0000000000000002 3.4961164168529392e-15 -1.6047721641001457e-16 -3.4991820307652407e-15 -1</Rotation>
<Translation>-0.0054496807592809282 -0.022431540736870703 0.036823671991399493</Translation>
</Transform>
</Instance>
<Instance name="pin1-7" uid="pin1-7" entityUid="pin1*:*Default">
<Transform>
<Rotation>1 0 0 0 1 0 0 0 1</Rotation>
<Translation>0.0023003192407190509 0.0025856463905689075 0.0040057382536829722</Translation>
</Transform>
</Instance>
<Instance name="pin1-6" uid="pin1-6" entityUid="pin1*:*Default">
<Transform>
<Rotation>1 0 0 0 1 0 0 0 1</Rotation>
<Translation>0.029461825577307321 0.0025856463905689353 -0.00016300005370054049</Translation>
</Transform>
</Instance>
<Instance name="pin1-2" uid="pin1-2" entityUid="pin1*:*Default">
<Transform>
<Rotation>1 0 0 0 1 0 0 0 1</Rotation>
<Translation>-0.035429980489826152 0.0025856463905689353 -0.00010988159654715113</Translation>
</Transform>
</Instance>
<Instance name="pin1-5" uid="pin1-5" entityUid="pin1*:*Default">
<Transform>
<Rotation>1 0 0 0 1 0 0 0 1</Rotation>
<Translation>0.021211825577307331 0.0025856463905689075 -0.020557545893213597</Translation>
</Transform>
</Instance>
<Instance name="grip11-6" uid="grip11-6" entityUid="grip11*:*Default">
<Transform>
<Rotation>0.61226773324339223 0 -0.79065050612075005 0 1 0 0.79065050612075005 0 0.61226773324339223</Rotation>
<Translation>-0.027179980489826269 0.0065856463905689111 -0.020504427436060513</Translation>
</Transform>
</Instance>
<Instance name="pin1-4" uid="pin1-4" entityUid="pin1*:*Default">
<Transform>
<Rotation>1 0 0 0 1 0 0 0 1</Rotation>
<Translation>-0.016449680759280941 0.0025856463905689075 0.02440028409319607</Translation>
</Transform>
</Instance>
<Instance name="pin1-8" uid="pin1-8" entityUid="pin1*:*Default">
<Transform>
<Rotation>1 0 0 0 1 0 0 0 1</Rotation>
<Translation>0.01055031924071905 0.0025856463905689353 0.024400284093196084</Translation>
</Transform>
</Instance>
<Instance name="grip11-5" uid="grip11-5" entityUid="grip11*:*Default">
<Transform>
<Rotation>0.61226773324339101 0 -0.79065050612075094 0 1 0 0.79065050612075094 0 0.61226773324339101</Rotation>
<Translation>-0.027179980489826089 -0.0044143536094310709 -0.020504427436060318</Translation>
</Transform>
</Instance>
<Instance name="pin1-1" uid="pin1-1" entityUid="pin1*:*Default">
<Transform>
<Rotation>1 0 0 0 1 0 0 0 1</Rotation>
<Translation>-0.027179980489826144 0.0025856463905689075 -0.020504427436060235</Translation>
</Transform>
</Instance>
<Instance name="pin2-2" uid="pin2-2" entityUid="pin2*:*Predeterminado">
<Transform>
<Rotation>0.99999999999999989 0 0 0 0 0.99999999999999989 0 -1 0</Rotation>
<Translation>0.006950319240719054 0.0025856463905688798 0.074499999999994126</Translation>
</Transform>
</Instance>
<Instance name="pin1-3" uid="pin1-3" entityUid="pin1*:*Default">
<Transform>
<Rotation>1 0 0 0 1 0 0 0 1</Rotation>
<Translation>-0.0081996807592809445 0.0025856463905688798 0.0040057382536829722</Translation>
</Transform>
</Instance>
<Instance name="pin2-1" uid="pin2-1" entityUid="pin2*:*Predeterminado">
<Transform>
<Rotation>0.99999999999999989 0 0 0 0 0.99999999999999989 0 -1 0</Rotation>
<Translation>-0.012849680759280949 0.0025856463905688798 0.074499999999994126</Translation>
</Transform>
</Instance>
<Instance name="grip3-1" uid="grip3-1" grounded="true" entityUid="grip3*:*Predeterminado">
<Transform>
<Rotation>1 0 0 0 1 0 0 0 1</Rotation>
<Translation>-0.0029496807592809485 0.0010856463905688785 0.061999999999994115</Translation>
</Transform>
</Instance>
<Instance name="grip3-2" uid="grip3-2" entityUid="grip3*:*Predeterminado">
<Transform>
<Rotation>1 0 0 0 1 0 0 0 1</Rotation>
<Translation>-0.0029496807592809537 0.0040856463905689089 0.061999999999994115</Translation>
</Transform>
</Instance>
</Instance>
<Instance name="Angulo Gripper-1" uid="Angulo Gripper-1" entityUid="Angulo Gripper*:*Predeterminado">
<Transform>
<Rotation>-0.30335635923336407 5.2446251762817292e-16 -0.95287717955289419 -0.95287717955289419 1.998156890811996e-16 0.30335635923336407 3.4949885014415784e-16 1 4.3913300462136476e-16</Rotation>
<Translation>0.0091087771661116854 0.14916354268013282 -0.032750000000011395</Translation>
</Transform>
</Instance>
</InstanceTree>
<Constraints>
<Coincident name="Coincidente10">
<ConstraintGeometry geomType="plane">
<InstancePath>
<Uid>Angulo-1</Uid>
</InstancePath>
<Position>0.0069999999999999993 0.025000000000000001 0</Position>
<Axis>0 0 -1</Axis>
</ConstraintGeometry>
<ConstraintGeometry geomType="plane">
<InstancePath>
<Uid>Angulo-2</Uid>
</InstancePath>
<Position>0.0069999999999999993 0.025000000000000001 0</Position>
<Axis>0 0 -1</Axis>
</ConstraintGeometry>
</Coincident>
<Coincident name="Coincidente11">
<ConstraintGeometry geomType="plane">
<InstancePath>
<Uid>Angulo-1</Uid>
</InstancePath>
<Position>0.0069999999999999993 0 0</Position>
<Axis>0 -1 -1.2246467991473532e-16</Axis>
</ConstraintGeometry>
<ConstraintGeometry geomType="plane">
<InstancePath>
<Uid>Angulo-2</Uid>
</InstancePath>
<Position>0.0069999999999999993 0 0</Position>
<Axis>0 -1 -1.2246467991473532e-16</Axis>
</ConstraintGeometry>
</Coincident>
<Concentric name="Concéntrica5">
<ConstraintGeometry geomType="cylinder">
<InstancePath>
<Uid>Angulo-2</Uid>
</InstancePath>
<Position>0 0.012999999999999999 -1.0000000000010001e-06</Position>
<Axis>0 0 1</Axis>
</ConstraintGeometry>
<ConstraintGeometry geomType="cylinder">
<InstancePath>
<Uid>Apoyo-1</Uid>
</InstancePath>
<Position>0.017000000000000001 0.019999999999999997 0.0019999999999999983</Position>
<Axis>0 0 -1</Axis>
</ConstraintGeometry>
</Concentric>
<Concentric name="Concéntrica6">
<ConstraintGeometry geomType="cylinder">
<InstancePath>
<Uid>Angulo-1</Uid>
</InstancePath>
<Position>0 0.012999999999999999 -1.0000000000010001e-06</Position>
<Axis>0 0 1</Axis>
</ConstraintGeometry>
<ConstraintGeometry geomType="cylinder">
<InstancePath>
<Uid>Apoyo-1</Uid>
</InstancePath>
<Position>0.017000000000000001 -0.019999999999999997 0.0019999999999999983</Position>
<Axis>0 0 -1</Axis>
</ConstraintGeometry>
</Concentric>
<Coincident name="Coincidente12">
<ConstraintGeometry geomType="plane">
<InstancePath>
<Uid>Angulo-1</Uid>
</InstancePath>
<Position>0.0069999999999999993 0.025000000000000001 0</Position>
<Axis>0 0 -1</Axis>
</ConstraintGeometry>
<ConstraintGeometry geomType="plane">
<InstancePath>
<Uid>Apoyo-1</Uid>
</InstancePath>
<Position>0.0099999999999999707 0.022999999999999996 0.0019999999999999983</Position>
<Axis>0 0 1</Axis>
</ConstraintGeometry>
</Coincident>
<Coincident name="Coincidente13">
<ConstraintGeometry geomType="plane">
<InstancePath>
<Uid>Angulo-1</Uid>
</InstancePath>
<Position>0.0069999999999999993 0 0</Position>
<Axis>0 -1 -1.2246467991473532e-16</Axis>
</ConstraintGeometry>
<ConstraintGeometry geomType="plane">
<InstancePath>
<Uid>Angulo-3</Uid>
</InstancePath>
<Position>0.0069999999999999993 0 0</Position>
<Axis>0 -1 -1.2246467991473532e-16</Axis>
</ConstraintGeometry>
</Coincident>
<Coincident name="Coincidente14">
<ConstraintGeometry geomType="plane">
<InstancePath>
<Uid>Angulo-1</Uid>
</InstancePath>
<Position>0.0069999999999999993 0 0</Position>
<Axis>0 -1 -1.2246467991473532e-16</Axis>
</ConstraintGeometry>
<ConstraintGeometry geomType="plane">
<InstancePath>
<Uid>Angulo-4</Uid>
</InstancePath>
<Position>0.0069999999999999993 0 0</Position>
<Axis>0 -1 -1.2246467991473532e-16</Axis>
</ConstraintGeometry>
</Coincident>
<Concentric name="Concéntrica7">
<ConstraintGeometry geomType="cylinder">
<InstancePath>
<Uid>Angulo-1</Uid>
</InstancePath>
<Position>0 0.012999999999999999 -1.0000000000010001e-06</Position>
<Axis>0 0 1</Axis>
</ConstraintGeometry>
<ConstraintGeometry geomType="cylinder">
<InstancePath>
<Uid>Angulo-3</Uid>
</InstancePath>
<Position>0 0.012999999999999999 -1.0000000000010001e-06</Position>
<Axis>0 0 1</Axis>
</ConstraintGeometry>
</Concentric>
<Concentric name="Concéntrica8">
<ConstraintGeometry geomType="cylinder">
<InstancePath>
<Uid>Angulo-2</Uid>
</InstancePath>
<Position>0 0.012999999999999999 -1.0000000000010001e-06</Position>
<Axis>0 0 1</Axis>
</ConstraintGeometry>
<ConstraintGeometry geomType="cylinder">
<InstancePath>
<Uid>Angulo-4</Uid>
</InstancePath>
<Position>0 0.012999999999999999 -1.0000000000010001e-06</Position>
<Axis>0 0 1</Axis>
</ConstraintGeometry>
</Concentric>
<Concentric name="Concéntrica9">
<ConstraintGeometry geomType="cylinder">
<InstancePath>
<Uid>Angulo-3</Uid>
</InstancePath>
<Position>0 0.012999999999999999 -1.0000000000010001e-06</Position>
<Axis>0 0 1</Axis>
</ConstraintGeometry>
<ConstraintGeometry geomType="cylinder">
<InstancePath>
<Uid>Apoyo-2</Uid>
</InstancePath>
<Position>0.017000000000000001 -0.019999999999999993 0.0020000000000000018</Position>
<Axis>0 0 -1</Axis>
</ConstraintGeometry>
</Concentric>
<Concentric name="Concéntrica10">
<ConstraintGeometry geomType="cylinder">
<InstancePath>
<Uid>Angulo-4</Uid>
</InstancePath>
<Position>0 0.012999999999999999 -1.0000000000010001e-06</Position>
<Axis>0 0 1</Axis>
</ConstraintGeometry>
<ConstraintGeometry geomType="cylinder">
<InstancePath>
<Uid>Apoyo-2</Uid>
</InstancePath>
<Position>0.017000000000000001 0.02 0.0020000000000000018</Position>
<Axis>0 0 -1</Axis>
</ConstraintGeometry>
</Concentric>
<Coincident name="Coincidente17">
<ConstraintGeometry geomType="plane">
<InstancePath>
<Uid>Angulo-3</Uid>
</InstancePath>
<Position>0.0069999999999999993 0.025000000000000001 0</Position>
<Axis>0 0 -1</Axis>
</ConstraintGeometry>
<ConstraintGeometry geomType="plane">
<InstancePath>
<Uid>Angulo-4</Uid>
</InstancePath>
<Position>0.0069999999999999993 0.025000000000000001 0</Position>
<Axis>0 0 -1</Axis>
</ConstraintGeometry>
</Coincident>
<Coincident name="Coincidente21">
<ConstraintGeometry geomType="plane">
<InstancePath>
<Uid>Apoyo-1</Uid>
</InstancePath>
<Position>0.0099999999999999707 0.022999999999999996 0.0019999999999999983</Position>
<Axis>0 0 1</Axis>
</ConstraintGeometry>
<ConstraintGeometry geomType="plane">
<InstancePath>
<Uid>SERVO-1</Uid>
<Uid>Cuerpo-1</Uid>
</InstancePath>
<Position>-0.02035 0.010499999999999999 -0.0092500000000000013</Position>
<Axis>0 -1 0</Axis>
</ConstraintGeometry>
</Coincident>
<Coincident name="Coincidente25">
<ConstraintGeometry geomType="plane">
<InstancePath>
<Uid>Apoyo-2</Uid>
</InstancePath>
<Position>0.0099999999999999707 0.023 0.0020000000000000018</Position>
<Axis>0 0 1</Axis>
</ConstraintGeometry>
<ConstraintGeometry geomType="plane">
<InstancePath>
<Uid>SERVO-2</Uid>
<Uid>Cuerpo-1</Uid>
</InstancePath>
<Position>0.020349999999999993 0.010499999999999995 -0.0092499999999999995</Position>
<Axis>2.4781763942525821e-16 -1 0</Axis>
</ConstraintGeometry>
</Coincident>
<Coincident name="Coincidente26">
<ConstraintGeometry geomType="plane">
<InstancePath>
<Uid>Apoyo-1</Uid>
</InstancePath>
<Position>0.020350000000000007 -0.010250000000000002 0.0019999999999999983</Position>
<Axis>-1.7048879370779434e-16 1 0</Axis>
</ConstraintGeometry>
<ConstraintGeometry geomType="plane">
<InstancePath>
<Uid>SERVO-1</Uid>
<Uid>Cuerpo-1</Uid>
</InstancePath>
<Position>0 0 -0.01025</Position>
<Axis>0 0 -1</Axis>
</ConstraintGeometry>
</Coincident>
<Coincident name="Coincidente27">
<ConstraintGeometry geomType="plane">
<InstancePath>
<Uid>Apoyo-1</Uid>
</InstancePath>
<Position>-0.020349999999999993 0.010249999999999993 0.0019999999999999983</Position>
<Axis>1 1.6924131472944462e-16 0</Axis>
</ConstraintGeometry>
<ConstraintGeometry geomType="plane">
<InstancePath>
<Uid>SERVO-1</Uid>
<Uid>Cuerpo-1</Uid>
</InstancePath>
<Position>0.02035 -0.017500000000000002 0.01025</Position>
<Axis>1 0 0</Axis>
</ConstraintGeometry>
</Coincident>
<Coincident name="Coincidente28">
<ConstraintGeometry geomType="plane">
<InstancePath>
<Uid>Apoyo-2</Uid>
</InstancePath>
<Position>0.020350000000000007 -0.010250000000000002 0.0020000000000000018</Position>
<Axis>-1.7048879370779432e-16 1 0</Axis>
</ConstraintGeometry>
<ConstraintGeometry geomType="plane">
<InstancePath>
<Uid>SERVO-2</Uid>
<Uid>Cuerpo-1</Uid>
</InstancePath>
<Position>0 0 -0.01025</Position>
<Axis>0 0 -1</Axis>
</ConstraintGeometry>
</Coincident>
<Coincident name="Coincidente29">
<ConstraintGeometry geomType="plane">
<InstancePath>
<Uid>Apoyo-2</Uid>
</InstancePath>
<Position>-0.020349999999999993 0.010249999999999992 0.0020000000000000018</Position>
<Axis>1 1.692413147294446e-16 0</Axis>
</ConstraintGeometry>
<ConstraintGeometry geomType="plane">
<InstancePath>
<Uid>SERVO-2</Uid>
<Uid>Cuerpo-1</Uid>
</InstancePath>
<Position>0.020349999999999993 -0.017499999999999995 0.01025</Position>
<Axis>1 0 0</Axis>
</ConstraintGeometry>
</Coincident>
<Coincident name="Coincidente31">
<ConstraintGeometry geomType="plane">
<InstancePath>
<Uid>Angulo-3</Uid>
</InstancePath>
<Position>0.0069999999999999993 0.025000000000000001 0</Position>
<Axis>0 0 -1</Axis>
</ConstraintGeometry>
<ConstraintGeometry geomType="plane">
<InstancePath>
<Uid>Apoyo-2</Uid>
</InstancePath>
<Position>0.0099999999999999707 0.023 0.0020000000000000018</Position>
<Axis>0 0 1</Axis>
</ConstraintGeometry>
</Coincident>
<Concentric name="Concéntrica11">
<ConstraintGeometry geomType="cylinder">
<InstancePath>
<Uid>Biceps-1</Uid>
</InstancePath>
<Position>-0.037500000000000012 0 0.0040000000000000036</Position>
<Axis>0 0 -0.99999999999999989</Axis>
</ConstraintGeometry>
<ConstraintGeometry geomType="cylinder">
<InstancePath>
<Uid>Biceps-2</Uid>
</InstancePath>
<Position>-0.037499999999999999 0 0.0039999999999999966</Position>
<Axis>0 0 -0.99999999999999989</Axis>
</ConstraintGeometry>
</Concentric>
<Concentric name="Concéntrica12">
<ConstraintGeometry geomType="cylinder">
<InstancePath>
<Uid>SERVO-1</Uid>
<Uid>Estrella-1</Uid>
</InstancePath>
<Position>0 0.0030000000000000027 0</Position>
<Axis>0 -1 0</Axis>
</ConstraintGeometry>
<ConstraintGeometry geomType="cylinder">
<InstancePath>
<Uid>Biceps-1</Uid>
</InstancePath>
<Position>0.037499999999999992 0 0.0039999999999999966</Position>
<Axis>0 0 -0.99999999999999989</Axis>
</ConstraintGeometry>
</Concentric>
<Concentric name="Concéntrica14">
<ConstraintGeometry geomType="cylinder">
<InstancePath>
<Uid>SERVO-2</Uid>
<Uid>Estrella-1</Uid>
</InstancePath>
<Position>0 0.0029999999999999992 0</Position>
<Axis>0 -1 0</Axis>
</ConstraintGeometry>
<ConstraintGeometry geomType="cylinder">
<InstancePath>
<Uid>Biceps-2</Uid>
</InstancePath>
<Position>0.037500000000000006 0 0.0039999999999999966</Position>
<Axis>0 0 -0.99999999999999989</Axis>
</ConstraintGeometry>
</Concentric>
<Coincident name="Coincidente32">
<ConstraintGeometry geomType="plane">
<InstancePath>
<Uid>SERVO-2</Uid>
<Uid>Estrella-1</Uid>
</InstancePath>
<Position>0 0 0</Position>
<Axis>0 -1 0</Axis>
</ConstraintGeometry>
<ConstraintGeometry geomType="plane">
<InstancePath>
<Uid>Biceps-2</Uid>
</InstancePath>
<Position>-0.037499999999999999 0 0</Position>
<Axis>0 0 -0.99999999999999989</Axis>
</ConstraintGeometry>
</Coincident>
<Coincident name="Coincidente33">
<ConstraintGeometry geomType="plane">
<InstancePath>
<Uid>SERVO-1</Uid>
<Uid>Estrella-1</Uid>
</InstancePath>
<Position>0 0 0</Position>
<Axis>0 -1 0</Axis>
</ConstraintGeometry>
<ConstraintGeometry geomType="plane">
<InstancePath>
<Uid>Biceps-1</Uid>
</InstancePath>
<Position>-0.037500000000000012 0 0</Position>
<Axis>0 0 -0.99999999999999989</Axis>
</ConstraintGeometry>
</Coincident>
<Concentric name="Concéntrica15">
<ConstraintGeometry geomType="cylinder">
<InstancePath>
<Uid>SERVO-2</Uid>
<Uid>Estrella-1</Uid>
</InstancePath>
<Position>0 0.0030000000000000027 -0.00989964684073435</Position>
<Axis>0 -1 0</Axis>
</ConstraintGeometry>
<ConstraintGeometry geomType="cylinder">
<InstancePath>
<Uid>Biceps-2</Uid>
</InstancePath>
<Position>0.037499999999999992 0.0098999999999999731 0.0039999999999999966</Position>
<Axis>0 0 -0.99999999999999989</Axis>
</ConstraintGeometry>
</Concentric>
<Concentric name="Concéntrica16">
<ConstraintGeometry geomType="cylinder">
<InstancePath>
<Uid>SERVO-1</Uid>
<Uid>Estrella-1</Uid>
</InstancePath>
<Position>0 0.0029999999999999957 -0.00989964684073435</Position>
<Axis>0 -1 0</Axis>
</ConstraintGeometry>
<ConstraintGeometry geomType="cylinder">
<InstancePath>
<Uid>Biceps-1</Uid>
</InstancePath>
<Position>0.037499999999999992 0.0098999999999999765 0.0040000000000000036</Position>
<Axis>0 0 -0.99999999999999989</Axis>
</ConstraintGeometry>
</Concentric>
<Distance name="Distancia1">
<ConstraintGeometry geomType="plane">
<InstancePath>
<Uid>Apoyo-1</Uid>
</InstancePath>
<Position>0.0099999999999999707 0.022999999999999996 -0.0019999999999999983</Position>
<Axis>0 0 -1</Axis>
</ConstraintGeometry>
<ConstraintGeometry geomType="plane">
<InstancePath>
<Uid>Apoyo-2</Uid>
</InstancePath>
<Position>0.0099999999999999707 0.023 -0.0020000000000000018</Position>
<Axis>0 0 -1</Axis>
</ConstraintGeometry>
</Distance>
<Coincident name="Coincidente36">
<ConstraintGeometry geomType="plane">
<InstancePath>
<Uid>Biceps-1</Uid>
</InstancePath>
<Position>-0.037500000000000012 0 0</Position>
<Axis>0 0 -0.99999999999999989</Axis>
</ConstraintGeometry>
<ConstraintGeometry geomType="plane">
<InstancePath>
<Uid>SERVO-4</Uid>
<Uid>Estrella-1</Uid>
</InstancePath>
<Position>0 0 0</Position>
<Axis>0 -1 0</Axis>
</ConstraintGeometry>
</Coincident>
<Concentric name="Concéntrica20">
<ConstraintGeometry geomType="cylinder">
<InstancePath>
<Uid>Biceps-1</Uid>
</InstancePath>
<Position>-0.037500000000000012 0 0.0040000000000000036</Position>
<Axis>0 0 -0.99999999999999989</Axis>
</ConstraintGeometry>
<ConstraintGeometry geomType="cylinder">
<InstancePath>
<Uid>SERVO-4</Uid>
<Uid>Estrella-1</Uid>
</InstancePath>
<Position>0 0.0030000000000000027 0</Position>
<Axis>0 -1 0</Axis>
</ConstraintGeometry>
</Concentric>
<Concentric name="Concéntrica21">
<ConstraintGeometry geomType="cylinder">
<InstancePath>
<Uid>Biceps-1</Uid>
</InstancePath>
<Position>-0.047400000000000005 0 0.0040000000000000036</Position>
<Axis>0 0 -0.99999999999999989</Axis>
</ConstraintGeometry>
<ConstraintGeometry geomType="cylinder">
<InstancePath>
<Uid>SERVO-4</Uid>
<Uid>Estrella-1</Uid>
</InstancePath>
<Position>0.0098996468407343413 0.0029999999999999957 0</Position>
<Axis>0 -1 0</Axis>
</ConstraintGeometry>
</Concentric>
<Coincident name="Coincidente39">
<ConstraintGeometry geomType="plane">
<InstancePath>
<Uid>SERVO-4</Uid>
<Uid>Cuerpo-1</Uid>
</InstancePath>
<Position>-0.020349999999999993 0.010500000000000002 -0.0092500000000000013</Position>
<Axis>0 -1 0</Axis>
</ConstraintGeometry>
<ConstraintGeometry geomType="plane">
<InstancePath>
<Uid>Antebrazo-1</Uid>
</InstancePath>
<Position>-0.034065081596307084 -0.016000000000000014 0.0040000000000000001</Position>
<Axis>0 0 1</Axis>
</ConstraintGeometry>
</Coincident>
<Concentric name="Concéntrica22">
<ConstraintGeometry geomType="cylinder">
<InstancePath>
<Uid>Biceps-2</Uid>
</InstancePath>
<Position>-0.037499999999999999 0 0.0039999999999999966</Position>
<Axis>0 0 -0.99999999999999989</Axis>
</ConstraintGeometry>
<ConstraintGeometry geomType="cylinder">
<InstancePath>
<Uid>Antebrazo2-2</Uid>
</InstancePath>
<Position>-0.049800000000000025 0 0.0040000000000000001</Position>
<Axis>0 0 -1</Axis>
</ConstraintGeometry>
</Concentric>
<Distance name="Distancia2">
<ConstraintGeometry geomType="plane">
<InstancePath>
<Uid>Antebrazo2-2</Uid>
</InstancePath>
<Position>-0.034065081596307084 -0.016000000000000014 0</Position>
<Axis>0 0 -1</Axis>
</ConstraintGeometry>
<ConstraintGeometry geomType="plane">
<InstancePath>
<Uid>Antebrazo-1</Uid>
</InstancePath>
<Position>-0.034065081596307084 -0.016000000000000014 0</Position>
<Axis>0 0 -1</Axis>
</ConstraintGeometry>
</Distance>
<Coincident name="Coincidente43">
<ConstraintGeometry geomType="plane">
<InstancePath>
<Uid>SERVO-4</Uid>
<Uid>Cuerpo-1</Uid>
</InstancePath>
<Position>-0.02035 -0.017499999999999998 0.010250000000000009</Position>
<Axis>-1 0 0</Axis>
</ConstraintGeometry>
<ConstraintGeometry geomType="plane">
<InstancePath>
<Uid>Antebrazo-1</Uid>
</InstancePath>
<Position>0.020349999999999993 0.010249999999999995 0.0040000000000000036</Position>
<Axis>-1 -3.3827107781547733e-16 0</Axis>
</ConstraintGeometry>
</Coincident>
<Coincident name="Coincidente44">
<ConstraintGeometry geomType="plane">
<InstancePath>
<Uid>SERVO-4</Uid>
<Uid>Cuerpo-1</Uid>
</InstancePath>
<Position>0 0 -0.010250000000000002</Position>
<Axis>0 0 -1</Axis>
</ConstraintGeometry>
<ConstraintGeometry geomType="plane">
<InstancePath>
<Uid>Antebrazo-1</Uid>
</InstancePath>
<Position>0.02035 -0.010250000000000002 0.0040000000000000001</Position>
<Axis>0 1 0</Axis>
</ConstraintGeometry>
</Coincident>
<Coincident name="Coincidente45">
<ConstraintGeometry geomType="plane">
<InstancePath>
<Uid>Antebrazo2-2</Uid>
</InstancePath>
<Position>-0.034065081596307084 -0.016000000000000014 0</Position>
<Axis>0 0 -1</Axis>
</ConstraintGeometry>
<ConstraintGeometry geomType="plane">
<InstancePath>
<Uid>SERVO-5</Uid>
<Uid>Cuerpo-1</Uid>
</InstancePath>
<Position>-0.020349999999999993 0.010499999999999999 -0.0092499999999999943</Position>
<Axis>0 -1 0</Axis>
</ConstraintGeometry>
</Coincident>
<Coincident name="Coincidente48">
<ConstraintGeometry geomType="plane">
<InstancePath>
<Uid>Antebrazo2-2</Uid>
</InstancePath>
<Position>0.020349999999999965 0.010250000000000002 0.0040000000000000001</Position>
<Axis>1.7087026238371557e-16 -1 0</Axis>
</ConstraintGeometry>
<ConstraintGeometry geomType="plane">
<InstancePath>
<Uid>SERVO-5</Uid>
<Uid>Cuerpo-1</Uid>
</InstancePath>
<Position>0 0 0.010250000000000002</Position>
<Axis>0 0 1</Axis>
</ConstraintGeometry>
</Coincident>
<Coincident name="Coincidente49">
<ConstraintGeometry geomType="plane">
<InstancePath>
<Uid>Antebrazo2-2</Uid>
</InstancePath>
<Position>0.020349999999999965 0.010250000000000002 0.0040000000000000001</Position>
<Axis>-1 -3.3827107781547728e-16 0</Axis>
</ConstraintGeometry>
<ConstraintGeometry geomType="plane">
<InstancePath>
<Uid>SERVO-5</Uid>
<Uid>Cuerpo-1</Uid>
</InstancePath>
<Position>0.020349999999999993 -0.017500000000000002 0.010250000000000002</Position>
<Axis>1 0 0</Axis>
</ConstraintGeometry>
</Coincident>
<Parallel name="Paralelo2">
<ConstraintGeometry geomType="plane">
<InstancePath>
<Uid>SERVO-5</Uid>
<Uid>Cuerpo-1</Uid>
</InstancePath>
<Position>-0.020350000000000007 -0.017500000000000002 0.010249999999999995</Position>
<Axis>0 -1 0</Axis>
</ConstraintGeometry>
<ConstraintGeometry geomType="plane">
<InstancePath>
<Uid>SERVO-6</Uid>
<Uid>Cuerpo-1</Uid>
</InstancePath>
<Position>-0.02035 -0.017500000000000009 0.010250000000000037</Position>
<Axis>-1 0 0</Axis>
</ConstraintGeometry>
</Parallel>
<Concentric name="Concéntrica25">
<ConstraintGeometry geomType="cylinder">
<InstancePath>
<Uid>SERVO-5</Uid>
<Uid>Estrella-1</Uid>
</InstancePath>
<Position>0 0.0029999999999999992 0</Position>
<Axis>0 -1 0</Axis>
</ConstraintGeometry>
<ConstraintGeometry geomType="cylinder">
<InstancePath>
<Uid>Angulo Gripper-1</Uid>
</InstancePath>
<Position>0 0.010000999999999999 -0.056000000000000036</Position>
<Axis>0 -1 0</Axis>
</ConstraintGeometry>
</Concentric>
<Coincident name="Coincidente52">
<ConstraintGeometry geomType="plane">
<InstancePath>
<Uid>SERVO-5</Uid>
<Uid>Estrella-1</Uid>
</InstancePath>
<Position>0 0 0</Position>
<Axis>0 -1 0</Axis>
</ConstraintGeometry>
<ConstraintGeometry geomType="plane">
<InstancePath>
<Uid>Angulo Gripper-1</Uid>
</InstancePath>
<Position>0.01400000000000004 0 0</Position>
<Axis>0 1 0</Axis>
</ConstraintGeometry>
</Coincident>
<Concentric name="Concéntrica26">
<ConstraintGeometry geomType="cylinder">
<InstancePath>
<Uid>SERVO-5</Uid>
<Uid>Estrella-1</Uid>
</InstancePath>
<Position>0 0.0029999999999999992 0.0098996468407343274</Position>
<Axis>0 -1 0</Axis>
</ConstraintGeometry>
<ConstraintGeometry geomType="cylinder">
<InstancePath>
<Uid>Angulo Gripper-1</Uid>
</InstancePath>
<Position>-0.0098999999999999644 0.010000999999999999 -0.056000000000000036</Position>
<Axis>0 -1 0</Axis>
</ConstraintGeometry>
</Concentric>
<Concentric name="Concéntrica27">
<ConstraintGeometry geomType="cylinder">
<InstancePath>
<Uid>SERVO-6</Uid>
<Uid>Cuerpo-1</Uid>
</InstancePath>
<Position>0.024500000000000001 0.010500000000000006 0.0050000000000000044</Position>
<Axis>-2.4781763942525821e-16 1.0000000000000002 0</Axis>
</ConstraintGeometry>
<ConstraintGeometry geomType="cylinder">
<InstancePath>
<Uid>Angulo Gripper-1</Uid>
</InstancePath>
<Position>-0.0049999999999999767 0.0058499999999999976 -0.070001000000000049</Position>
<Axis>0 0 1.0000000000000002</Axis>
</ConstraintGeometry>
</Concentric>
<Coincident name="Coincidente53">
<ConstraintGeometry geomType="plane">
<InstancePath>
<Uid>SERVO-6</Uid>
<Uid>Cuerpo-1</Uid>
</InstancePath>
<Position>0.020349999999999993 0.010499999999999999 -0.0092499999999999805</Position>
<Axis>2.4781763942525821e-16 -1.0000000000000002 0</Axis>
</ConstraintGeometry>
<ConstraintGeometry geomType="plane">
<InstancePath>
<Uid>Angulo Gripper-1</Uid>
</InstancePath>
<Position>0.014000000000000012 0.010000000000000002 0.0019999999999999948</Position>
<Axis>0 1.1601689741814338e-16 1.0000000000000002</Axis>
</ConstraintGeometry>
</Coincident>
<Concentric name="Concéntrica28">
<ConstraintGeometry geomType="cylinder">
<InstancePath>
<Uid>Antebrazo-1</Uid>
</InstancePath>
<Position>-0.069999999999999993 0 0.0040000000000000001</Position>
<Axis>0 0 -1</Axis>
</ConstraintGeometry>
<ConstraintGeometry geomType="cylinder">
<InstancePath>
<Uid>Angulo Gripper-2</Uid>
</InstancePath>
<Position>0 0.010000999999999999 -0.056000000000000022</Position>
<Axis>0 -1 0</Axis>
</ConstraintGeometry>
</Concentric>
<Coincident name="Coincidente54">
<ConstraintGeometry geomType="plane">
<InstancePath>
<Uid>SERVO-6</Uid>
<Uid>Cuerpo-1</Uid>
</InstancePath>
<Position>-0.02035 0.010500000000000006 -0.0092499999999999805</Position>
<Axis>0 -1.0000000000000002 0</Axis>
</ConstraintGeometry>
<ConstraintGeometry geomType="plane">
<InstancePath>
<Uid>Angulo Gripper-2</Uid>
</InstancePath>
<Position>0.013999999999999985 0.0099999999999999985 0.0019999999999999879</Position>
